0.5 0.44713148631093574 
1.0 0.44815293815320006 
1.5 0.46858197499847876 
2.0 0.47368923420980036 
2.5 0.4787964934211219 
3.0 0.4650068935505549 
3.5 0.45734600473357523 
4.0 0.46807124907734676 
4.5 0.4665390713139509 
5.0 0.36643679077207014 
5.5 0.3250679911603769 
6.0 0.29902096918264287 
6.5 0.21219756259019357 
7.0 0.13661012626265293 
7.5 0.0707264824366197 
8.0 0.029357682824922914 
8.5 0.01965389032341544 
9.0 0.03497566795737655 
9.5 0.0395722012475659 
10.0 0.0395722012475659 
10.5 0.0395722012475659 
11.0 0.021696794007943325 
11.5 0.022207519929075298 
12.0 0.03906147532643375 
12.5 0.06000123809284472 
13.0 0.11669181533850265 
13.5 0.15193190389661382 
14.0 0.18666126653359283 
14.5 0.21730482180151475 
15.0 0.2453947474637788 
15.5 0.30566040615735846 
16.0 0.37154404998339163 
16.5 0.43129898275584116 
17.0 0.4690927009196111 
17.5 0.489011011843761 
18.0 0.489011011843761 
18.5 0.4655176194716869 
19.0 0.43078825683470917 
19.5 0.34805065761131937 
20.0 0.25203418443849446 
20.5 0.2132190144324575 
21.0 0.13712085218378506 
21.5 0.06970503059435558 
22.0 0.0395722012475659 
22.5 0.02118606808681136 
23.0 0.02884695690379094 
23.5 0.07736591941133533 
24.0 0.12128834862869198 
24.5 0.16163569639812123 
25.0 0.22139062917057192 
