0.5 0.0870697119128451 
1.0 0.03088986058831936 
1.5 0.15193190389661382 
2.0 0.11260600796944564 
2.5 0.0707264824366197 
3.0 0.019143164402283468 
3.5 0.03497566795737654 
4.0 0.07838737125359929 
4.5 0.5125044042158354 
5.0 0.4844144785535734 
5.5 0.6815546841105421 
6.0 0.624864106864885 
6.5 0.6692972620033723 
7.0 0.19585433311397052 
7.5 0.12077762270755983 
8.0 0.24794837706943781 
8.5 0.20709030337887388 
9.0 0.1274170596822756 
9.5 0.06051196401397724 
10.0 0.02833623098265897 
10.5 0.05795833440831811 
11.0 0.12792778560340795 
11.5 0.21066538482679767 
12.0 0.29289225812905834 
12.5 0.3582651760339587 
13.0 0.3424326724788662 
13.5 0.37154404998339174 
14.0 0.489011011843761 
14.5 0.5967741812026234 
15.0 0.6677650842399762 
15.5 0.6560183880539405 
16.0 0.672872343451296 
16.5 0.6585720176596005 
17.0 0.672872343451296 
17.5 0.6611256472652604 
18.0 0.6177139439690362 
18.5 0.3965696201188634 
19.0 0.23364805127774047 
19.5 0.11720254125963497 
20.0 0.08043027493812718 
20.5 0.08298390454378793 
21.0 0.04110437901096182 
21.5 0.033954216115112255 
22.0 0.08043027493812718 
22.5 0.02629332729813108 
23.0 0.029868408746055064 
23.5 0.0395722012475659 
24.0 0.13201359297246465 
24.5 0.16316787416151748 
25.0 0.12179907454982394 
