0.5 0.3853336498539568 
1.0 0.08043027493812718 
1.5 0.06868357875209129 
2.0 0.10596657099472925 
2.5 0.12128834862869198 
3.0 0.21372974035358966 
3.5 0.24948055483283468 
4.0 0.26071652509773796 
4.5 0.26531305838792607 
5.0 0.30055314694603885 
5.5 0.3245572652392447 
6.0 0.3965696201188634 
6.5 0.4236380939388603 
7.0 0.4277239013079173 
7.5 0.41189139775282285 
8.0 0.4277239013079173 
8.5 0.39810179788225947 
9.0 0.2157726440381183 
9.5 0.17236094074189628 
10.0 0.07021575651548773 
10.5 0.04978671967020533 
11.0 0.03497566795737655 
11.5 0.02833623098265897 
12.0 0.036507845720773 
12.5 0.10085931178340954 
13.0 0.09473060072982588 
13.5 0.04365800861662167 
14.0 0.10085931178340954 
14.5 0.10239148954680546 
15.0 0.1080094746792572 
15.5 0.09677350441435378 
16.0 0.11515963757510621 
16.5 0.27399539904717246 
17.0 0.36081880563961855 
17.5 0.3991232497245234 
18.0 0.4277239013079173 
18.5 0.3929945386709383 
19.0 0.4277239013079173 
19.5 0.409337768147163 
20.0 0.4277239013079173 
20.5 0.37716203511584523 
21.0 0.21270828851132553 
21.5 0.1820647332434037 
22.0 0.23364805127774 
22.5 0.23211587351434407 
23.0 0.09319842296642998 
23.5 0.04110437901096182 
24.0 0.10903092652152113 
24.5 0.020675342165679386 
25.0 0.08094100085925933 
