1.0 0.5625555444867757 
2.0 0.5850274850165861 
3.0 0.5405943298780976 
4.0 0.5104615005313076 
5.0 0.4129128495950868 
6.0 0.2479483770694387 
7.0 0.20300449600981813 
8.0 0.0395722012475659 
9.0 0.03037913466718721 
10.0 0.1381423040260494 
11.0 0.23364805127774 
12.0 0.10341294138906941 
13.0 0.13507794849925642 
14.0 0.1927899775871787 
15.0 0.2571414436498143 
16.0 0.27144176944151177 
17.0 0.2745061249683046 
18.0 0.25407708812302243 
19.0 0.2637808806245298 
20.0 0.2132190144324575 
21.0 0.14171738547397444 
22.0 0.0395722012475659 
23.0 0.05693688256605308 
24.0 0.20606885153660995 
25.0 0.2847206433909443 
26.0 0.2847206433909443 
27.0 0.2642916065456618 
28.0 0.23466950312000429 
29.0 0.20300449600981813 
30.0 0.13048141520906742 
31.0 0.0385507494053016 
32.0 0.029868408746055064 
33.0 0.05131889743360125 
34.0 0.09064479336077014 
35.0 0.18155400732227173 
36.0 0.27348467312604036 
37.0 0.3066818579996224 
38.0 0.23364805127774 
39.0 0.09064479336077014 
40.0 0.029357682824922914 
41.0 0.04263655677435773 
42.0 0.08043027493812718 
43.0 0.07021575651548773 
44.0 0.183086185085668 
45.0 0.19994014048302633 
46.0 0.3046389543150945 
47.0 0.32557871708150904 
48.0 0.29544588773471914 
49.0 0.22190135509170408 
50.0 0.11107383020604904 
