0.5 0.029357682824922904 
0.5 0.315364198658866 
0.5 0.39708034603999565 
0.5 0.4277239013079175 
0.5 0.39708034603999565 
0.5 0.10085931178340957 
0.5 0.019143164402283475 
0.5 0.019143164402283475 
0.5 0.019143164402283475 
0.5 0.060001238092844744 
0.5 0.049786719670205315 
0.5 0.019143164402283475 
0.5 0.060001238092844744 
0.5 0.111073830206049 
0.5 0.10085931178340957 
0.5 0.08043027493812716 
0.5 0.049786719670205315 
0.5 0.07021575651548773 
0.5 0.029357682824922904 
0.5 0.08043027493812716 
