1.4083176698814412
1.4083176698814412
1.4083176698814412
1.4083176698814412
1.42874670672672
1.42874670672672
1.3878886330361553
1.3878886330361553
1.3981031514587983
1.4083176698814412
1.3981031514587983
1.3981031514587983
1.3981031514587983
1.3674595961908764
1.3674595961908764
1.3776741146135194
1.3981031514587983
1.3572450777682334
1.3674595961908764
1.3572450777682334
1.3572450777682334
1.3470305593455905
1.3470305593455905
1.3470305593455905
1.3470305593455905
1.3470305593455905
1.3470305593455905
1.3368160409229546
1.3368160409229546
1.3470305593455905
1.3981031514587983
1.3981031514587983
1.3981031514587983
1.3981031514587983
1.3981031514587983
1.3981031514587983
1.3981031514587983
1.3981031514587983
1.3981031514587983
1.4083176698814412
1.4083176698814412
1.3981031514587983
1.3981031514587983
1.3981031514587983
1.4083176698814412
1.3981031514587983
1.3981031514587983
1.4083176698814412
1.4083176698814412
1.4185321883040771
1.4185321883040771
1.42874670672672
1.42874670672672
1.438961225149363
1.449175743571999
1.459390261994642
1.459390261994642
1.459390261994642
1.459390261994642
1.469604780417285
1.3981031514587983
1.3981031514587983
1.3981031514587983
1.3981031514587983
1.3981031514587983
1.3981031514587983
1.3981031514587983
1.3878886330361553
1.4083176698814412
1.3878886330361553
1.3776741146135194
1.3981031514587983
1.3981031514587983
1.3981031514587983
1.3981031514587983
1.3981031514587983
1.3981031514587983
1.3981031514587983
1.3981031514587983
1.3981031514587983
1.3981031514587983
1.4083176698814412
1.3981031514587983
1.3981031514587983
1.3981031514587983
1.3981031514587983
1.3981031514587983
1.3981031514587983
1.3981031514587983
1.4083176698814412
1.4083176698814412
1.4083176698814412
1.4083176698814412
1.4083176698814412
1.4083176698814412
1.4083176698814412
1.4083176698814412
1.4083176698814412
1.4083176698814412
1.4083176698814412
1.4083176698814412
1.4083176698814412
1.4083176698814412
1.4083176698814412
1.4083176698814412
1.4083176698814412
1.4083176698814412
1.4083176698814412
1.4083176698814412
1.4083176698814412
1.4083176698814412
1.4083176698814412
1.4083176698814412
1.4083176698814412
1.4083176698814412
1.4083176698814412
1.4083176698814412
1.3981031514587983
1.4083176698814412
1.4083176698814412
1.4083176698814412
1.4083176698814412
1.4083176698814412
1.4083176698814412
1.4083176698814412
1.4083176698814412
1.4083176698814412
1.4083176698814412
1.4083176698814412
1.4083176698814412
1.4083176698814412
1.4083176698814412
1.4083176698814412
1.4083176698814412
1.4083176698814412
1.4185321883040771
1.4185321883040771
1.438961225149363
1.42874670672672
1.438961225149363
1.449175743571999
1.459390261994642
1.459390261994642
1.459390261994642
1.459390261994642
1.469604780417285
1.469604780417285
1.469604780417285
1.469604780417285
1.469604780417285
1.3981031514587983
1.3981031514587983
1.4083176698814412
1.3981031514587983
1.3981031514587983
1.4083176698814412
1.3981031514587983
1.42874670672672
1.4083176698814412
1.4083176698814412
1.3981031514587983
1.3981031514587983
1.4083176698814412
1.4083176698814412
1.3981031514587983
1.3981031514587983
1.3981031514587983
1.3981031514587983
1.3981031514587983
1.3981031514587983
1.3981031514587983
1.4083176698814412
1.3981031514587983
1.3981031514587983
1.3981031514587983
1.3981031514587983
1.4083176698814412
1.4083176698814412
1.3981031514587983
1.4083176698814412
1.3776741146135194
1.3776741146135194
1.3776741146135194
1.3878886330361553
1.3878886330361553
1.3878886330361553
1.3878886330361553
1.3878886330361553
1.3878886330361553
1.3878886330361553
1.3981031514587983
1.3981031514587983
1.3981031514587983
1.3981031514587983
1.3981031514587983
1.4083176698814412
1.4083176698814412
1.3981031514587983
1.3981031514587983
1.3981031514587983
1.4083176698814412
1.4083176698814412
1.4083176698814412
1.4185321883040771
1.3776741146135194
1.4083176698814412
1.4083176698814412
1.4083176698814412
1.4083176698814412
1.4083176698814412
1.4083176698814412
1.3981031514587983
1.4083176698814412
1.4083176698814412
1.4083176698814412
1.4083176698814412
1.4083176698814412
1.4083176698814412
1.4083176698814412
1.4083176698814412
1.4083176698814412
1.4083176698814412
1.4083176698814412
1.4083176698814412
1.4083176698814412
1.4083176698814412
1.4083176698814412
1.4083176698814412
1.4083176698814412
1.4185321883040771
1.4185321883040771
1.42874670672672
1.42874670672672
1.438961225149363
1.449175743571999
1.459390261994642
1.459390261994642
1.469604780417285
1.459390261994642
1.469604780417285
1.3981031514587983
1.4083176698814412
1.4083176698814412
1.3981031514587983
1.4083176698814412
1.4083176698814412
1.3981031514587983
1.4083176698814412
1.4083176698814412
1.3981031514587983
1.3981031514587983
1.3981031514587983
1.4083176698814412
1.4083176698814412
1.3981031514587983
1.3981031514587983
1.3981031514587983
1.4083176698814412
1.3981031514587983
1.3981031514587983
1.3878886330361553
1.4083176698814412
1.4083176698814412
1.4083176698814412
1.3981031514587983
1.3981031514587983
1.4083176698814412
1.3878886330361553
1.3776741146135194
1.3981031514587983
1.459390261994642
1.449175743571999
1.449175743571999
1.42874670672672
1.438961225149363
1.42874670672672
1.42874670672672
1.4185321883040771
1.42874670672672
1.4185321883040771
1.4185321883040771
1.4185321883040771
1.4185321883040771
1.4185321883040771
1.4185321883040771
1.4185321883040771
1.4083176698814412
1.4083176698814412
1.4083176698814412
1.4083176698814412
1.4083176698814412
1.4083176698814412
1.4083176698814412
1.4083176698814412
1.4083176698814412
1.4083176698814412
1.4083176698814412
1.4083176698814412
1.4185321883040771
1.3878886330361553
1.3981031514587983
1.3981031514587983
1.4083176698814412
1.3981031514587983
1.4083176698814412
1.4083176698814412
1.4083176698814412
1.4083176698814412
1.3981031514587983
1.4083176698814412
1.4083176698814412
1.42874670672672
1.4185321883040771
1.4083176698814412
1.4083176698814412
1.3981031514587983
1.4083176698814412
1.4083176698814412
1.4185321883040771
1.4083176698814412
1.4083176698814412
1.3981031514587983
1.4083176698814412
1.4083176698814412
1.4083176698814412
1.3981031514587983
1.3981031514587983
1.4083176698814412
1.4083176698814412
1.4083176698814412
1.3981031514587983
1.3981031514587983
1.3981031514587983
1.4083176698814412
1.3776741146135194
1.3981031514587983
1.3981031514587983
1.3981031514587983
1.4083176698814412
1.3981031514587983
1.3776741146135194
1.42874670672672
1.3878886330361553
1.3981031514587983
1.4083176698814412
1.3981031514587983
1.4083176698814412
1.42874670672672
1.3878886330361553
1.3878886330361553
1.4083176698814412
1.3981031514587983
1.3981031514587983
1.3981031514587983
1.3981031514587983
1.3776741146135194
1.4185321883040771
1.3981031514587983
1.3981031514587983
1.4083176698814412
