0.012503195161849945
0.012503195161849945
0.012503195161849945
0.012503195161849945
0.012503195161849945
0.012503195161849945
0.012503195161849945
0.012503195161849945
0.012503195161849945
0.012503195161849945
0.012503195161849945
0.012503195161849945
0.012503195161849945
0.012503195161849945
0.012503195161849945
0.012503195161849945
0.012503195161849945
0.012503195161849945
0.012503195161849945
0.012503195161849945
0.012503195161849945
0.012503195161849945
0.012503195161849945
0.012503195161849945
0.012503195161849945
0.012503195161849945
0.009950399635275886
0.012503195161849945
0.012503195161849945
0.012503195161849945
0.015055990688423115
0.015055990688423115
0.015055990688423115
0.017608786214996286
0.017608786214996286
0.015055990688423115
0.015055990688423115
0.015055990688423115
0.015055990688423115
0.015055990688423115
0.017608786214996286
0.017608786214996286
0.015055990688423115
0.015055990688423115
0.017608786214996286
0.012503195161849945
0.012503195161849945
0.012503195161849945
0.012503195161849945
0.012503195161849945
0.012503195161849945
0.012503195161849945
0.009950399635275886
0.012503195161849945
0.012503195161849945
0.012503195161849945
0.012503195161849945
0.012503195161849945
0.012503195161849945
0.012503195161849945
0.012503195161849945
0.012503195161849945
0.015055990688423115
0.012503195161849945
0.012503195161849945
0.012503195161849945
0.012503195161849945
0.012503195161849945
0.012503195161849945
0.012503195161849945
0.012503195161849945
0.012503195161849945
0.012503195161849945
0.012503195161849945
0.012503195161849945
0.020161581741569456
0.020161581741569456
0.020161581741569456
0.020161581741569456
0.020161581741569456
0.020161581741569456
0.020161581741569456
0.020161581741569456
0.020161581741569456
0.020161581741569456
0.020161581741569456
0.020161581741569456
0.020161581741569456
0.020161581741569456
0.020161581741569456
0.0329255593744362
0.0329255593744362
0.030372763847863027
0.0329255593744362
0.030372763847863027
0.030372763847863027
0.030372763847863027
0.030372763847863027
0.0329255593744362
0.0329255593744362
0.0329255593744362
0.030372763847863027
0.030372763847863027
0.0329255593744362
0.0329255593744362
0.020161581741569456
0.020161581741569456
0.020161581741569456
0.020161581741569456
0.020161581741569456
0.020161581741569456
0.020161581741569456
0.020161581741569456
0.020161581741569456
0.020161581741569456
0.020161581741569456
0.020161581741569456
0.020161581741569456
0.020161581741569456
0.020161581741569456
0.022714377268142627
0.022714377268142627
0.022714377268142627
0.022714377268142627
0.022714377268142627
0.022714377268142627
0.022714377268142627
0.022714377268142627
0.022714377268142627
0.022714377268142627
0.020161581741569456
0.022714377268142627
0.020161581741569456
0.020161581741569456
0.022714377268142627
0.03547835490100937
0.03547835490100937
0.03547835490100937
0.03547835490100937
0.03547835490100937
0.03547835490100937
0.03547835490100937
0.03547835490100937
0.03547835490100937
0.03547835490100937
0.03803115042758343
0.03803115042758343
0.03547835490100937
0.03547835490100937
0.03547835490100937
0.04568953700730294
0.04313674148072977
0.04313674148072977
0.04313674148072977
0.04313674148072977
0.04568953700730294
0.04313674148072977
0.04568953700730294
0.04568953700730294
0.04313674148072977
0.04313674148072977
0.04313674148072977
0.04313674148072977
0.04313674148072977
0.04568953700730294
0.05079512806045017
0.05079512806045017
0.05079512806045017
0.04824233253387611
0.05079512806045017
0.05334792358702334
0.05079512806045017
0.05079512806045017
0.05079512806045017
0.05079512806045017
0.05079512806045017
0.05079512806045017
0.05079512806045017
0.05079512806045017
0.05079512806045017
0.05334792358702334
0.05334792358702334
0.05334792358702334
0.05334792358702334
0.05334792358702334
0.05590071911359651
0.05334792358702334
0.05334792358702334
0.05334792358702334
0.05334792358702334
0.05334792358702334
0.05334792358702334
0.05334792358702334
0.05334792358702334
0.05334792358702334
0.06866469674646325
0.06866469674646325
0.06866469674646325
0.06611190121989008
0.06611190121989008
0.06611190121989008
0.06866469674646325
0.06866469674646325
0.06866469674646325
0.06866469674646325
0.06611190121989008
0.06611190121989008
0.06611190121989008
0.06866469674646325
0.06611190121989008
0.07121749227303642
0.07377028779960959
0.07121749227303642
0.07121749227303642
0.07121749227303642
0.07121749227303642
0.07121749227303642
0.07121749227303642
0.07121749227303642
0.07121749227303642
0.07121749227303642
0.07121749227303642
0.07121749227303642
0.07121749227303642
0.06866469674646325
0.06866469674646325
0.06866469674646325
0.06866469674646325
0.06866469674646325
0.06866469674646325
0.06866469674646325
0.07121749227303642
0.06866469674646325
0.07121749227303642
0.06866469674646325
0.06866469674646325
0.06866469674646325
0.06866469674646325
0.06866469674646325
0.06866469674646325
0.07377028779960959
0.07377028779960959
0.07121749227303642
0.07377028779960959
0.07377028779960959
0.07377028779960959
0.07377028779960959
0.07121749227303642
0.07377028779960959
0.07377028779960959
0.07377028779960959
0.07377028779960959
0.07377028779960959
0.07377028779960959
0.07377028779960959
0.07377028779960959
0.07377028779960959
0.07377028779960959
0.07377028779960959
0.07377028779960959
0.07377028779960959
0.07377028779960959
0.07377028779960959
0.07377028779960959
0.07377028779960959
0.07121749227303642
0.07377028779960959
0.07377028779960959
0.07377028779960959
0.07377028779960959
0.07121749227303642
0.07121749227303642
0.07121749227303642
0.07121749227303642
0.07121749227303642
0.07121749227303642
0.06866469674646325
0.07121749227303642
0.07121749227303642
0.07121749227303642
0.07121749227303642
0.07121749227303642
0.07121749227303642
0.07121749227303642
0.07121749227303642
0.07377028779960959
0.07377028779960959
0.07377028779960959
0.07377028779960959
0.07121749227303642
0.07377028779960959
0.07121749227303642
0.07121749227303642
0.07121749227303642
0.07377028779960959
0.07377028779960959
0.07377028779960959
0.07377028779960959
0.07377028779960959
0.07377028779960959
