0.07021575651548773
0.060001238092844744
0.07021575651548773
0.07021575651548773
0.07021575651548773
0.07021575651548773
0.07021575651548773
0.07021575651548773
0.07021575651548773
0.07021575651548773
0.07021575651548773
0.07021575651548773
0.07021575651548773
0.07021575651548773
0.07021575651548773
0.039572201247565886
0.039572201247565886
0.049786719670205315
0.049786719670205315
0.039572201247565886
0.049786719670205315
0.049786719670205315
0.039572201247565886
0.039572201247565886
0.039572201247565886
0.039572201247565886
0.039572201247565886
0.039572201247565886
0.039572201247565886
0.039572201247565886
0.039572201247565886
0.039572201247565886
0.039572201247565886
0.039572201247565886
0.039572201247565886
0.039572201247565886
0.039572201247565886
0.039572201247565886
0.039572201247565886
0.039572201247565886
0.039572201247565886
0.039572201247565886
0.039572201247565886
0.039572201247565886
0.039572201247565886
