0.10085931178340957
0.10085931178340957
0.10085931178340957
0.10085931178340957
0.10085931178340957
0.10085931178340957
0.10085931178340957
0.10085931178340957
0.10085931178340957
0.10085931178340957
0.10085931178340957
0.10085931178340957
0.10085931178340957
0.10085931178340957
0.10085931178340957
0.10085931178340957
0.10085931178340957
0.10085931178340957
0.10085931178340957
0.10085931178340957
0.10085931178340957
0.10085931178340957
0.10085931178340957
0.10085931178340957
0.10085931178340957
0.10085931178340957
0.10085931178340957
0.10085931178340957
0.10085931178340957
0.10085931178340957
0.039572201247565886
0.039572201247565886
0.039572201247565886
0.039572201247565886
0.039572201247565886
0.039572201247565886
0.039572201247565886
0.039572201247565886
0.039572201247565886
0.039572201247565886
0.039572201247565886
0.039572201247565886
0.039572201247565886
0.039572201247565886
0.039572201247565886
0.039572201247565886
0.039572201247565886
0.039572201247565886
0.039572201247565886
0.039572201247565886
0.039572201247565886
0.039572201247565886
0.039572201247565886
0.039572201247565886
0.039572201247565886
0.039572201247565886
0.039572201247565886
0.039572201247565886
0.039572201247565886
0.039572201247565886
0.039572201247565886
0.039572201247565886
0.039572201247565886
0.039572201247565886
0.039572201247565886
0.039572201247565886
0.039572201247565886
0.039572201247565886
0.039572201247565886
0.039572201247565886
0.039572201247565886
0.039572201247565886
0.039572201247565886
0.039572201247565886
0.039572201247565886
0.039572201247565886
0.039572201247565886
0.039572201247565886
0.039572201247565886
0.039572201247565886
0.039572201247565886
0.039572201247565886
0.039572201247565886
0.039572201247565886
0.039572201247565886
0.039572201247565886
0.039572201247565886
0.039572201247565886
0.039572201247565886
0.039572201247565886
