0.1315028670513314
0.1315028670513314
0.1315028670513314
0.1315028670513314
0.1315028670513314
0.1315028670513314
0.1315028670513314
0.1315028670513314
0.1315028670513314
0.1315028670513314
0.1315028670513314
0.1315028670513314
0.12128834862869198
0.1315028670513314
0.1315028670513314
0.1315028670513314
0.1315028670513314
0.1315028670513314
0.1315028670513314
0.1315028670513314
0.111073830206049
0.111073830206049
0.111073830206049
0.111073830206049
0.111073830206049
0.111073830206049
0.111073830206049
0.111073830206049
0.111073830206049
0.111073830206049
0.08043027493812716
0.08043027493812716
0.08043027493812716
0.08043027493812716
0.08043027493812716
0.08043027493812716
0.08043027493812716
0.08043027493812716
0.08043027493812716
0.08043027493812716
0.060001238092844744
0.049786719670205315
0.060001238092844744
0.049786719670205315
0.060001238092844744
0.060001238092844744
0.049786719670205315
0.060001238092844744
0.060001238092844744
0.060001238092844744
0.019143164402283475
0.029357682824922904
0.029357682824922904
0.029357682824922904
0.029357682824922904
0.029357682824922904
0.029357682824922904
0.029357682824922904
0.029357682824922904
0.029357682824922904
0.019143164402283475
0.008928645979640493
0.019143164402283475
0.019143164402283475
0.019143164402283475
0.019143164402283475
0.008928645979640493
0.019143164402283475
0.019143164402283475
0.019143164402283475
0.019143164402283475
0.019143164402283475
0.019143164402283475
0.019143164402283475
0.019143164402283475
0.019143164402283475
0.019143164402283475
0.019143164402283475
0.019143164402283475
0.019143164402283475
0.039572201247565886
0.039572201247565886
0.039572201247565886
0.039572201247565886
0.039572201247565886
0.039572201247565886
0.039572201247565886
0.039572201247565886
0.039572201247565886
0.039572201247565886
0.07021575651548773
0.07021575651548773
0.07021575651548773
0.07021575651548773
0.07021575651548773
0.07021575651548773
0.07021575651548773
0.07021575651548773
0.07021575651548773
0.07021575651548773
0.10085931178340957
0.10085931178340957
0.10085931178340957
0.10085931178340957
0.10085931178340957
0.10085931178340957
0.10085931178340957
0.10085931178340957
0.10085931178340957
0.10085931178340957
0.12128834862869198
0.12128834862869198
0.12128834862869198
0.12128834862869198
0.12128834862869198
0.12128834862869198
0.12128834862869198
0.12128834862869198
0.12128834862869198
0.12128834862869198
0.1315028670513314
0.1315028670513314
0.1315028670513314
0.1315028670513314
0.1315028670513314
0.1315028670513314
0.1315028670513314
0.1315028670513314
0.1315028670513314
0.1315028670513314
0.12128834862869198
0.12128834862869198
0.12128834862869198
0.12128834862869198
0.12128834862869198
0.12128834862869198
0.12128834862869198
0.12128834862869198
0.1315028670513314
0.12128834862869198
0.111073830206049
0.10085931178340957
0.111073830206049
0.10085931178340957
0.10085931178340957
0.10085931178340957
0.10085931178340957
0.10085931178340957
0.10085931178340957
0.111073830206049
0.07021575651548773
0.060001238092844744
0.07021575651548773
0.07021575651548773
0.07021575651548773
0.07021575651548773
0.07021575651548773
0.07021575651548773
0.07021575651548773
0.07021575651548773
0.039572201247565886
0.039572201247565886
0.039572201247565886
0.039572201247565886
0.039572201247565886
0.039572201247565886
0.039572201247565886
0.039572201247565886
0.039572201247565886
0.039572201247565886
0.019143164402283475
0.019143164402283475
0.019143164402283475
0.019143164402283475
0.019143164402283475
0.019143164402283475
0.019143164402283475
0.019143164402283475
0.019143164402283475
0.019143164402283475
0.019143164402283475
0.019143164402283475
0.019143164402283475
0.008928645979640493
0.008928645979640493
0.019143164402283475
0.019143164402283475
0.019143164402283475
0.008928645979640493
0.008928645979640493
0.039572201247565886
0.029357682824922904
0.029357682824922904
0.029357682824922904
0.029357682824922904
0.029357682824922904
0.029357682824922904
0.029357682824922904
0.029357682824922904
0.029357682824922904
