0.2132190144324575
0.2336480512777399
0.19278997758717864
0.2336480512777399
0.17236094074189623
0.17236094074189623
0.18257545916453566
0.16214642231925325
0.17236094074189623
0.18257545916453566
0.16214642231925325
0.15193190389661382
0.20300449600981807
0.17236094074189623
0.20300449600981807
0.325578717081509
0.20300449600981807
0.16214642231925325
0.325578717081509
0.2438625697003829
0.38686582761735266
0.2540770881230223
0.4175093828852745
0.325578717081509
0.39708034603999565
0.37665130919471324
0.4379384197305569
0.4379384197305569
0.4072948644626351
0.4379384197305569
0.3562222723494308
0.4072948644626351
0.325578717081509
0.28472064339094416
0.38686582761735266
0.4481529381531999
0.47879649342112174
0.47879649342112174
0.39708034603999565
0.26429160654566175
0.19278997758717864
0.28472064339094416
0.5094400486890436
0.5707271592248873
0.5809416776475302
0.5707271592248873
0.2336480512777399
0.16214642231925325
0.6013707144928127
0.325578717081509
0.1315028670513314
0.3562222723494308
0.16214642231925325
0.20300449600981807
0.17236094074189623
0.1417173854739744
0.1417173854739744
0.18257545916453566
0.18257545916453566
0.12128834862869198
0.2336480512777399
0.19278997758717864
0.325578717081509
0.4379384197305569
0.5707271592248873
0.6524433066060169
0.18257545916453566
0.2132190144324575
0.5809416776475302
0.6422287881833739
0.4583674565758393
0.5605126408022478
0.48901101184376117
0.4277239013079175
0.4277239013079175
0.48901101184376117
0.5094400486890436
0.3562222723494308
0.529869085534326
0.519654567111683
0.4379384197305569
0.3562222723494308
0.49922553026640415
0.529869085534326
0.47879649342112174
0.529869085534326
0.4277239013079175
0.5502981223796084
0.47879649342112174
0.4583674565758393
0.6013707144928127
0.4481529381531999
0.36643679077207025
0.5605126408022478
0.4583674565758393
0.529869085534326
0.4277239013079175
0.5809416776475302
0.36643679077207025
0.4379384197305569
0.4072948644626351
0.5911561960701697
0.4072948644626351
0.4175093828852745
0.4175093828852745
0.4277239013079175
0.4583674565758393
0.4277239013079175
0.4379384197305569
0.5707271592248873
0.3051496802362266
0.2540770881230223
0.2336480512777399
0.36643679077207025
0.2336480512777399
0.325578717081509
0.2438625697003829
0.27450612496830473
0.325578717081509
0.26429160654566175
0.4481529381531999
0.3460077539267914
0.2438625697003829
0.2438625697003829
0.2336480512777399
0.22343353285510048
0.2132190144324575
0.28472064339094416
0.2132190144324575
0.2132190144324575
0.28472064339094416
0.28472064339094416
0.39708034603999565
0.27450612496830473
0.28472064339094416
0.315364198658866
0.28472064339094416
0.3051496802362266
0.28472064339094416
0.28472064339094416
0.2438625697003829
0.2336480512777399
0.2336480512777399
0.2336480512777399
0.2336480512777399
0.22343353285510048
0.2336480512777399
0.22343353285510048
0.2132190144324575
0.2132190144324575
0.20300449600981807
0.28472064339094416
0.2336480512777399
0.3562222723494308
0.20300449600981807
0.325578717081509
0.19278997758717864
0.27450612496830473
0.19278997758717864
0.2132190144324575
0.2132190144324575
0.18257545916453566
0.2540770881230223
0.18257545916453566
0.16214642231925325
0.16214642231925325
0.16214642231925325
0.15193190389661382
0.18257545916453566
0.315364198658866
0.16214642231925325
0.16214642231925325
0.16214642231925325
0.4072948644626351
0.17236094074189623
0.17236094074189623
0.15193190389661382
0.17236094074189623
0.2336480512777399
0.16214642231925325
0.20300449600981807
0.20300449600981807
0.20300449600981807
0.20300449600981807
0.20300449600981807
0.20300449600981807
0.2132190144324575
0.2132190144324575
0.20300449600981807
0.20300449600981807
0.26429160654566175
0.26429160654566175
0.27450612496830473
0.27450612496830473
0.3357932355041484
0.26429160654566175
0.26429160654566175
0.27450612496830473
0.26429160654566175
0.27450612496830473
