0.6422287881833739
0.6422287881833739
0.6422287881833739
0.6422287881833739
0.6422287881833739
0.6422287881833739
0.6422287881833739
0.6422287881833739
0.6422287881833739
0.6524433066060169
0.6320142697607345
0.6320142697607345
0.6320142697607345
0.6320142697607345
0.6320142697607345
0.6320142697607345
0.6320142697607345
0.6320142697607345
0.6320142697607345
0.6320142697607345
0.5502981223796084
0.5502981223796084
0.5502981223796084
0.5502981223796084
0.5502981223796084
0.5502981223796084
0.5502981223796084
0.5502981223796084
0.5502981223796084
0.5400836039569654
0.6933013802965782
0.6933013802965782
0.6933013802965782
0.6933013802965782
0.7035158987192212
0.7035158987192212
0.7035158987192212
0.7035158987192212
0.7035158987192212
0.7035158987192212
0.7443739724097824
0.734159453987143
0.734159453987143
0.734159453987143
0.7443739724097824
0.734159453987143
0.734159453987143
0.734159453987143
0.734159453987143
0.734159453987143
0.6320142697607345
0.6320142697607345
0.6320142697607345
0.6422287881833739
0.6422287881833739
0.6320142697607345
0.6422287881833739
0.6320142697607345
0.6320142697607345
0.6422287881833739
0.7035158987192212
0.6422287881833739
0.7035158987192212
0.6217997513380915
0.6320142697607345
0.7137304171418606
0.6320142697607345
0.7239449355645
0.6422287881833739
0.7035158987192212
0.7137304171418606
0.7137304171418606
0.7035158987192212
0.7035158987192212
0.7137304171418606
0.7035158987192212
0.7035158987192212
0.7035158987192212
0.7035158987192212
0.7035158987192212
0.734159453987143
0.6626578250286563
0.6524433066060169
0.734159453987143
0.734159453987143
0.7239449355645
0.734159453987143
0.734159453987143
0.7239449355645
0.7239449355645
0.734159453987143
0.7239449355645
0.7239449355645
0.734159453987143
0.7239449355645
0.7239449355645
0.7239449355645
0.734159453987143
0.7239449355645
0.7239449355645
0.7137304171418606
0.7137304171418606
0.7035158987192212
0.7035158987192212
0.7137304171418606
0.7137304171418606
0.7137304171418606
0.7137304171418606
0.7137304171418606
0.7137304171418606
0.6626578250286563
0.6524433066060169
0.6524433066060169
0.6626578250286563
0.6626578250286563
0.6524433066060169
0.6524433066060169
0.6524433066060169
0.6626578250286563
0.6524433066060169
0.6728723434512958
0.6626578250286563
0.6626578250286563
0.6626578250286563
0.6524433066060169
0.6524433066060169
0.6524433066060169
0.6524433066060169
0.6524433066060169
0.6422287881833739
0.5911561960701697
0.5911561960701697
0.5911561960701697
0.5911561960701697
0.5911561960701697
0.5911561960701697
0.5911561960701697
0.5911561960701697
0.5911561960701697
0.6013707144928127
0.48901101184376117
0.48901101184376117
0.48901101184376117
0.49922553026640415
0.5094400486890436
0.5094400486890436
0.5094400486890436
0.519654567111683
0.519654567111683
0.519654567111683
0.519654567111683
0.519654567111683
0.5094400486890436
0.5094400486890436
0.5094400486890436
0.5094400486890436
0.5094400486890436
0.49922553026640415
0.49922553026640415
0.49922553026640415
0.519654567111683
0.519654567111683
0.529869085534326
0.529869085534326
0.529869085534326
0.529869085534326
0.529869085534326
0.529869085534326
0.529869085534326
0.529869085534326
0.46858197499847876
0.46858197499847876
0.46858197499847876
0.46858197499847876
0.4583674565758393
0.4583674565758393
0.46858197499847876
0.4583674565758393
0.4583674565758393
0.4583674565758393
0.5400836039569654
0.5400836039569654
0.5400836039569654
0.529869085534326
0.5400836039569654
0.529869085534326
0.529869085534326
0.5400836039569654
0.529869085534326
0.529869085534326
0.519654567111683
0.5094400486890436
0.49922553026640415
0.49922553026640415
0.48901101184376117
0.48901101184376117
0.47879649342112174
0.47879649342112174
0.46858197499847876
0.46858197499847876
